Note. The observations of FRB 20201124A with no detection.
The details of the observations can be found in the relevant references.

FAST (Xu et al. 2022 Nature 609 685)
Observation Date
59363	
59367
59369
59371
59372
59374
59376
59378
59380

FAST (Zhang et al. 2022 RAA 22 124002)
Observation Date
59486
59487
59488
59489
59494
59495
59496
59497
59498
59499
59500
59501
59504

FAST (private communications)
Observation Date	Duration (s)
59764	1200
59782	1200
59789	1200
59793	1200
59798	1200
59804	1200
59807	1200
59821	1200
59848	1200
59961	1200
59980	1200
59995	1200

CHIME (Lanman et al. 2022 ApJ 927 59)
59178
59179
59180
59181
59182
59183
59184
59185
59186
59187
59188
59189
59190
59191
59192
59194
59195
59196
59197
59198
59200
59201
59202
59203
59204
59205
59206
59207
59208
59209
59210
59211
59212
59213
59214
59215
59216
59217
59218
59219
59220
59221
59222
59223
59224
59225
59226
59227
59228
59229
59230
59231
59232
59233
59234
59235
59236
59237
59238
59239
59240
59241
59242
59243
59244
59245
59246
59247
59248
59249
59250
59251
59252
59253
59254
59255
59256
59257
59258
59259
59260
59261
59262
59263
59264
59266
59267
59268
59269
59270
59271
59272
59273
59274
59275
59276
59277
59278
59279
59280
59281
59282
59283
59284
59285
59286
59287
59288
59289
59290
59291
59292
59293
59297
59298
59302
59303
59305
59306
59307
59310
59311
59312
59313
59314
59317
59318
59319
59320
59321
59322
59323
59324
59325
59326
59327
59328
59329
59330
59331
59332
59333
59334
59335
59336
59337
59339
59340
59341
59342
59343
59344
59345
59346
59347
59348
59349
59350
59351
59353
59354
59357
59358