Note. A total of 2904 bursts have been collected by the end of March 2022, 
comprising the arrival time, fluences and references/telescopes for  each.
*: For detections where the fluences were not reported in the literature, 
we have used a fluence of 1 Jy ms.

FAST (Xu et al. 2022, Nature, 609, 685)
Burst	TOA (MJD)	Fluece (Jy ms)
1	59307.33458	0.1778
2	59307.33458	2.5309
3	59307.33692	0.1997
4	59307.34947	8.7371
5	59307.35425	0.9421
6	59307.35511	0.1554
7	59307.3582	2.3698
8	59307.36027	4.8846
9	59307.36444	0.1678
10	59307.36935	1.0378
11	59307.37261	10.5216
12	59307.38302	10.9699
13	59307.38662	0.7355
14	59307.39755	3.379
15	59307.39895	0.5491
16	59307.40296	2.2901
17	59307.40539	0.4896
18	59307.40804	0.0653
19	59307.41047	4.2819
20	59307.41056	0.1814
21	59307.41204	0.0912
22	59308.3409	3.8573
23	59308.34143	0.0984
24	59308.35604	0.199
25	59308.36734	0.3619
26	59308.36734	7.0382
27	59308.37029	5.7179
28	59308.37351	4.1616
29	59308.37655	0.539
30	59308.37782	1.1531
31	59308.37988	0.8072
32	59308.3874	3.0405
33	59308.38772	11.4478
34	59308.3892	0.3274
35	59308.38925	0.8613
36	59308.39236	1.6043
37	59308.39344	30.7824
38	59308.39633	1.1318
39	59308.40631	0.147
40	59308.40853	19.1826
41	59308.40853	0.1261
42	59308.41079	0.1568
43	59309.34867	0.0386
44	59309.35145	0.157
45	59309.35634	4.6773
46	59309.35666	0.3008
47	59309.36651	0.2306
48	59309.37318	1.7085
49	59309.37788	10.7342
50	59309.3793	2.1099
51	59309.38265	22.0387
52	59309.38568	0.0594
53	59309.38964	1.1018
54	59309.39895	0.8688
55	59309.39895	0.1218
56	59309.40345	0.3195
57	59309.40345	0.5046
58	59309.40508	0.4838
59	59309.40579	19.6738
60	59309.40724	1.1538
61	59309.40779	3.8955
62	59309.40996	0.2074
63	59309.41098	0.2112
64	59309.41636	2.8821
65	59309.41758	1.9811
66	59309.42277	1.0675
67	59310.34008	0.8234
68	59310.34146	2.8262
69	59310.34146	3.2402
70	59310.34232	3.2429
71	59310.34696	4.8675
72	59310.35125	2.6731
73	59310.35276	0.931
74	59310.35399	3.3174
75	59310.35883	0.5797
76	59310.35889	7.1597
77	59310.35889	0.3085
78	59310.36377	2.3088
79	59310.36396	0.7723
80	59310.36945	5.7664
81	59310.37699	15.3838
82	59310.37889	0.0597
83	59310.38343	0.6405
84	59310.38466	2.2848
85	59310.39129	0.3838
86	59310.39222	1.3267
87	59310.39492	1.895
88	59310.39773	6.6853
89	59310.40008	1.4869
90	59310.40282	2.4099
91	59310.40282	0.2478
92	59310.40284	0.1146
93	59310.40401	1.3307
94	59310.40405	0.6312
95	59311.32819	3.4011
96	59311.33573	5.8965
97	59311.33697	0.941
98	59311.34211	3.1264
99	59311.34388	0.7166
100	59311.3482	1.1574
101	59311.35055	1.8925
102	59311.35189	0.7971
103	59311.35208	0.0918
104	59311.35208	0.0453
105	59311.35378	3.8618
106	59311.35538	0.3355
107	59311.35793	2.9045
108	59311.35888	1.2022
109	59311.36144	0.5424
110	59311.36253	2.0779
111	59311.36349	0.2034
112	59311.36349	3.4198
113	59311.36367	0.1914
114	59311.36647	9.121
115	59311.36918	1.7096
116	59311.36963	12.3298
117	59311.37343	0.2922
118	59311.37867	2.9258
119	59311.37926	10.7378
120	59311.37996	1.2162
121	59311.37996	0.1976
122	59311.38109	0.1005
123	59311.38153	6.397
124	59311.38292	1.5946
125	59311.39163	3.1968
126	59311.39631	10.3787
127	59311.39661	0.3667
128	59311.39836	6.881
129	59311.40023	3.6288
130	59311.40166	1.8582
131	59311.40264	6.0184
132	59311.40583	2.7272
133	59311.40667	2.2605
134	59312.26905	0.5837
135	59312.2763	1.9549
136	59312.28744	0.1746
137	59312.28784	0.0451
138	59312.28839	0.7179
139	59312.29092	7.6888
140	59312.29761	5.4344
141	59312.30353	3.1432
142	59312.3111	0.4186
143	59312.3127	0.1546
144	59312.31579	0.4355
145	59312.31614	1.1307
146	59312.3164	0.216
147	59312.31682	0.7283
148	59312.31722	4.7083
149	59312.31724	0.2421
150	59312.32102	2.0718
151	59312.32112	0.3269
152	59312.32116	2.568
153	59312.32117	0.6582
154	59312.32469	2.3088
155	59312.32492	0.28
156	59312.32601	3.1256
157	59312.32733	0.0613
158	59312.33097	0.2074
159	59312.33374	3.2597
160	59312.33388	0.0541
161	59312.33484	0.0902
162	59312.33484	0.1382
163	59312.33815	0.0618
164	59312.34015	0.9427
165	59312.34439	0.6067
166	59312.34764	0.403
167	59313.3261	0.6072
168	59313.3274	0.0986
169	59313.3274	0.1398
170	59313.3274	0.1701
171	59313.32861	0.0866
172	59313.32966	6.5472
173	59313.33012	0.4702
174	59313.33052	0.2146
175	59313.332	0.3109
176	59313.33316	1.0246
177	59313.33316	0.3669
178	59313.33337	7.4232
179	59313.33384	0.2253
180	59313.33456	1.153
181	59313.33456	2.9037
182	59313.33499	0.5656
183	59313.33499	0.4384
184	59313.33499	0.3718
185	59313.33523	1.4102
186	59313.33789	0.2962
187	59313.33792	0.0698
188	59313.34238	6.2891
189	59313.34315	0.6528
190	59313.34315	0.4784
191	59313.34577	10.8517
192	59313.34642	1.3696
193	59313.34642	3.6533
194	59313.34678	2.5538
195	59313.34964	0.123
196	59313.35006	1.572
197	59313.35173	0.1765
198	59313.35173	0.1666
199	59313.35204	1.6784
200	59313.35429	1.0574
201	59313.35429	0.7466
202	59313.35514	0.8818
203	59313.35827	1.1371
204	59313.35845	0.2274
205	59313.35892	1.4301
206	59313.35957	2.2502
207	59313.36037	0.2995
208	59313.36158	0.0882
209	59313.36158	0.441
210	59313.36158	0.427
211	59313.36222	3.1331
212	59313.36231	0.3829
213	59313.36231	0.7923
214	59313.36239	6.5382
215	59313.36366	6.6285
216	59313.36475	3.1374
217	59313.36554	0.5243
218	59313.36654	0.3973
219	59313.36654	2.4344
220	59313.36889	1.0437
221	59313.37029	3.5376
222	59313.37169	9.5902
223	59313.37263	8.3293
224	59313.37449	10.6352
225	59313.37459	4.7574
226	59313.3748	0.1246
227	59313.3778	20.1794
228	59313.37803	0.6848
229	59313.37803	3.9288
230	59313.37981	1.0554
231	59313.3812	6.367
232	59313.38526	1.7072
233	59313.38889	0.2421
234	59313.38982	2.444
235	59313.39078	0.3264
236	59313.39134	8.3782
237	59313.39134	0.5958
238	59313.39526	0.32
239	59313.39824	0.0882
240	59313.39956	3.9782
241	59313.39983	0.0738
242	59313.40048	0.3384
243	59313.40225	9.7458
244	59313.4028	5.6766
245	59313.40486	0.9962
246	59313.40486	0.6938
247	59313.40508	4.9528
248	59313.40616	2.6298
249	59314.32243	3.8128
250	59314.32258	0.445
251	59314.32391	3.3384
252	59314.32772	0.1966
253	59314.32837	1.5565
254	59314.32837	0.5731
255	59314.32847	0.0565
256	59314.32847	0.1794
257	59314.33109	0.2554
258	59314.33109	0.6485
259	59314.33109	0.1986
260	59314.3355	0.5189
261	59314.33551	4.3638
262	59314.33605	0.7429
263	59314.33605	0.8616
264	59314.33706	0.6194
265	59314.33706	1.6634
266	59314.3374	13.5544
267	59314.33791	0.6286
268	59314.33872	0.3141
269	59314.34013	5.0221
270	59314.34028	0.2003
271	59314.34044	0.4054
272	59314.34195	0.103
273	59314.34301	0.2994
274	59314.34443	0.064
275	59314.34456	1.9621
276	59314.34456	3.5269
277	59314.34584	14.9202
278	59314.34789	0.0731
279	59314.34804	0.2344
280	59314.34875	3.3803
281	59314.34895	4.7747
282	59314.34986	0.1938
283	59314.35095	0.1934
284	59314.35095	0.1731
285	59314.35137	0.2222
286	59314.35287	6.7934
287	59314.35315	1.4568
288	59314.35338	0.2955
289	59314.35361	0.1158
290	59314.35761	0.2286
291	59314.35871	0.2691
292	59314.36023	0.4237
293	59314.3607	3.264
294	59314.36113	0.9938
295	59314.36123	6.5323
296	59314.36123	3.7702
297	59314.36135	12.0835
298	59314.36269	2.8834
299	59314.36365	2.3186
300	59314.36434	0.7027
301	59314.36489	0.1816
302	59314.36618	1.9742
303	59314.367	0.4558
304	59314.367	9.1827
305	59314.36719	2.6766
306	59314.36908	3.3344
307	59314.37139	0.9253
308	59314.3722	0.3085
309	59314.37244	0.1512
310	59314.37251	0.6264
311	59314.37324	0.2088
312	59314.37466	0.0787
313	59314.37498	7.999
314	59314.37533	7.1773
315	59314.37559	3.924
316	59314.37815	0.2414
317	59314.3784	0.1355
318	59314.37864	0.3782
319	59314.38073	3.5181
320	59314.38083	0.1595
321	59314.38423	1.0365
322	59314.3854	0.3258
323	59314.38566	0.3522
324	59314.38574	1.4616
325	59314.38632	0.1797
326	59314.38814	3.3019
327	59314.39029	1.735
328	59314.39064	0.251
329	59314.39084	0.5661
330	59314.39107	0.412
331	59314.39289	0.2138
332	59314.39341	0.7394
333	59314.39391	1.3363
334	59314.39562	0.2309
335	59314.39562	3.0349
336	59314.39653	7.0517
337	59314.39725	0.4846
338	59314.3976	6.1166
339	59314.3976	0.0837
340	59314.39788	4.7029
341	59314.39838	0.2
342	59314.39838	1.9688
343	59314.39854	0.4469
344	59314.39864	1.0635
345	59314.40191	3.4419
346	59314.40242	0.1853
347	59314.40276	0.393
348	59314.40302	1.2749
349	59314.40343	0.0787
350	59314.40376	0.0602
351	59315.319	0.1523
352	59315.31924	0.3874
353	59315.32006	0.1426
354	59315.32006	0.5758
355	59315.32006	0.1243
356	59315.32067	3.8826
357	59315.3217	1.8373
358	59315.32257	0.2394
359	59315.32437	5.2142
360	59315.32491	1.1234
361	59315.32577	1.1613
362	59315.3262	0.3488
363	59315.32744	0.256
364	59315.32772	0.4696
365	59315.32808	0.2808
366	59315.3281	13.9771
367	59315.3281	1.3213
368	59315.32812	0.1008
369	59315.32818	0.3762
370	59315.32839	0.1714
371	59315.32937	0.0597
372	59315.32974	0.1267
373	59315.32974	0.0795
374	59315.33074	0.2691
375	59315.33225	0.9333
376	59315.3328	3.4749
377	59315.3334	0.1102
378	59315.33444	0.4862
379	59315.33578	0.3464
380	59315.33671	0.3053
381	59315.33711	0.9522
382	59315.33975	9.9211
383	59315.34001	12.9952
384	59315.34001	2.2048
385	59315.34005	0.3374
386	59315.34083	0.0816
387	59315.34107	0.1782
388	59315.34192	0.5134
389	59315.34278	0.2469
390	59315.34386	0.2694
391	59315.34386	0.408
392	59315.34528	0.2214
393	59315.34528	0.8846
394	59315.3481	0.3368
395	59315.35059	0.3694
396	59315.3523	0.7995
397	59315.35261	0.5846
398	59315.35261	1.8234
399	59315.35285	0.0947
400	59315.35285	0.1014
401	59315.35315	0.4131
402	59315.35354	2.7712
403	59315.35548	0.1632
404	59315.35548	0.3579
405	59315.35586	0.2347
406	59315.356	0.2027
407	59315.35743	0.9043
408	59315.35907	11.7562
409	59315.35916	0.0704
410	59315.35932	0.4989
411	59315.36223	2.573
412	59315.36366	1.2427
413	59315.36484	0.0578
414	59315.3652	0.7392
415	59315.3652	0.488
416	59315.36584	0.4304
417	59315.36584	1.7011
418	59315.36653	0.4443
419	59315.3676	1.1328
420	59315.37261	2.3051
421	59315.37549	1.7243
422	59315.37566	1.7448
423	59315.37603	0.159
424	59315.37619	9.695
425	59315.37703	0.0826
426	59315.37904	1.1421
427	59315.37984	0.1395
428	59315.38075	2.5309
429	59315.38131	0.2987
430	59315.38147	0.1874
431	59315.3835	0.3048
432	59315.38388	0.4378
433	59315.3839	0.1112
434	59315.38416	0.5459
435	59315.38467	0.175
436	59315.38473	3.0648
437	59315.38613	0.2635
438	59315.38663	0.3128
439	59315.38755	0.2738
440	59315.38818	1.2738
441	59315.38887	0.1534
442	59315.38976	0.1435
443	59315.39003	0.5146
444	59315.3902	0.2344
445	59315.39168	3.1002
446	59315.39389	0.0954
447	59315.39393	0.0923
448	59315.39483	3.2256
449	59315.39596	0.1256
450	59315.3961	8.8442
451	59315.39709	0.1832
452	59315.39845	1.4397
453	59315.39847	0.8002
454	59315.39848	4.7205
455	59315.39973	0.1362
456	59315.40025	0.261
457	59315.4008	3.9222
458	59315.40086	3.1902
459	59316.31862	0.2149
460	59316.31923	9.0507
461	59316.32002	0.5405
462	59316.32018	0.1046
463	59316.32371	0.1181
464	59316.32539	0.7368
465	59316.32539	0.4682
466	59316.32759	10.7064
467	59316.32896	0.4157
468	59316.3293	1.1114
469	59316.33024	0.0954
470	59316.33024	0.5462
471	59316.33158	0.0656
472	59316.33258	0.4238
473	59316.33564	0.2531
474	59316.33705	0.0491
475	59316.33769	0.0886
476	59316.33851	4.4803
477	59316.33853	0.5747
478	59316.3386	4.691
479	59316.33894	3.7541
480	59316.33894	0.4787
481	59316.33994	0.18
482	59316.34034	3.1066
483	59316.34281	6.0821
484	59316.34426	0.0704
485	59316.34542	2.5069
486	59316.34563	0.7024
487	59316.34563	9.7379
488	59316.34563	9.2869
489	59316.34626	0.2402
490	59316.34626	0.2014
491	59316.34703	2.4838
492	59316.34803	0.6424
493	59316.34823	3.6813
494	59316.34857	1.2363
495	59316.34878	0.1166
496	59316.35062	3.701
497	59316.35081	0.4565
498	59316.35113	0.797
499	59316.35846	0.3298
500	59316.36191	0.5754
501	59316.36284	0.5536
502	59316.36284	0.371
503	59316.36375	0.2437
504	59316.36531	0.6539
505	59316.37261	5.9752
506	59316.37261	0.2085
507	59316.37381	3.2648
508	59316.37544	0.1424
509	59316.38038	0.0344
510	59316.38099	0.1024
511	59316.38099	0.2114
512	59316.38301	3.2738
513	59316.38337	0.467
514	59316.38357	0.3398
515	59316.38741	0.0974
516	59316.38826	5.9627
517	59316.39081	0.1938
518	59316.39155	4.7592
519	59316.39236	0.1438
520	59316.39236	2.2315
521	59316.39548	0.7347
522	59316.39557	3.4874
523	59316.3958	0.3368
524	59316.39622	3.2035
525	59316.39628	1.2755
526	59316.39732	0.1302
527	59316.39753	5.7123
528	59316.39815	0.0198
529	59316.39829	0.2474
530	59316.39829	2.0326
531	59316.39867	1.5038
532	59318.31158	1.435
533	59318.31238	0.9875
534	59318.31888	0.2394
535	59318.31888	0.2547
536	59318.32303	0.0699
537	59318.32343	5.2362
538	59318.32352	5.223
539	59318.34976	0.2624
540	59318.34977	0.1091
541	59318.35039	0.0541
542	59318.3505	0.1971
543	59318.35204	0.2272
544	59318.35289	0.1509
545	59318.35344	3.4666
546	59318.35357	1.2984
547	59318.35391	0.408
548	59318.35398	0.5138
549	59318.3541	0.647
550	59318.3542	1.632
551	59318.35613	0.0923
552	59318.35699	2.8688
553	59318.35881	0.0722
554	59318.35947	0.7213
555	59318.35985	0.517
556	59318.36024	0.2798
557	59318.36492	2.4814
558	59318.36782	1.9781
559	59318.36916	3.8712
560	59318.36951	10.2622
561	59318.37292	0.3051
562	59318.37319	0.0984
563	59318.37329	0.8526
564	59318.37336	3.2507
565	59318.37459	3.924
566	59318.37541	0.8386
567	59318.37703	9.0461
568	59318.37857	1.3235
569	59318.37913	0.481
570	59318.37927	0.112
571	59318.38037	60.1485
572	59318.3809	0.0819
573	59318.38153	0.9299
574	59318.38323	3.2182
575	59318.38347	0.0541
576	59318.38409	2.1968
577	59318.3841	10.3814
578	59318.38543	0.1144
579	59318.38739	1.3042
580	59318.3885	2.7568
581	59318.38943	0.3586
582	59318.38944	0.2922
583	59318.39098	1.0979
584	59318.39126	0.0702
585	59318.39126	1.089
586	59318.39221	0.8566
587	59319.31186	4.1278
588	59319.31411	2.0278
589	59319.31536	0.2498
590	59319.31677	0.2254
591	59319.31717	5.9419
592	59319.31847	0.3376
593	59319.31847	7.6194
594	59319.32198	0.1661
595	59319.32204	0.0965
596	59319.32207	0.4522
597	59319.325	0.4963
598	59319.32769	0.0538
599	59319.32827	0.1635
600	59319.32865	0.4024
601	59319.33095	5.0701
602	59319.33095	8.8773
603	59319.33165	2.241
604	59319.33165	5.3518
605	59319.33324	0.2962
606	59319.33497	0.6298
607	59319.33687	4.5925
608	59319.33818	13.2203
609	59319.33838	0.1258
610	59319.33849	0.8886
611	59319.33878	8.5075
612	59319.33891	1.9958
613	59319.33975	0.5166
614	59319.341	1.2891
615	59319.34138	10.599
616	59319.34229	1.6197
617	59319.34244	1.2787
618	59319.34616	3.5597
619	59319.34947	0.3043
620	59319.35343	1.5214
621	59319.35379	1.3027
622	59319.35474	0.1157
623	59319.35612	0.052
624	59319.3565	1.7966
625	59319.35841	0.6198
626	59319.36014	0.9422
627	59319.36032	0.8136
628	59319.36056	0.0307
629	59319.36116	0.9384
630	59319.36143	0.4413
631	59319.3628	0.499
632	59319.36542	7.7462
633	59319.36795	1.3107
634	59319.36796	3.6216
635	59319.37151	4.3389
636	59319.37472	8.1781
637	59319.37472	0.1459
638	59319.37581	2.7122
639	59319.37581	1.3114
640	59319.37816	1.0126
641	59319.3785	2.2773
642	59319.37906	0.2574
643	59319.37906	0.6248
644	59319.3799	3.6096
645	59319.38322	1.7528
646	59319.38534	0.1448
647	59319.38582	2.743
648	59320.22858	0.6106
649	59320.22858	0.1682
650	59320.23163	0.8272
651	59320.23454	0.1136
652	59320.23868	0.0477
653	59320.24024	6.2523
654	59320.24137	0.776
655	59320.24916	0.7736
656	59320.25028	0.1536
657	59320.25081	0.108
658	59320.2526	0.2272
659	59320.25394	0.6795
660	59320.25498	0.8709
661	59320.26033	0.3006
662	59320.26033	1.2906
663	59320.26122	2.7824
664	59320.26284	0.4442
665	59320.26849	0.8254
666	59320.26901	7.34
667	59320.27065	0.3112
668	59320.27096	0.7909
669	59320.27135	0.2814
670	59320.27183	1.0878
671	59320.27187	2.7931
672	59320.2787	0.0699
673	59320.2787	0.1219
674	59320.27885	0.588
675	59320.27926	0.1045
676	59320.28304	3.2843
677	59320.28657	4.0522
678	59320.28744	1.4258
679	59320.28912	2.9946
680	59320.29175	6.716
681	59320.29189	0.7645
682	59320.29198	1.5757
683	59320.29304	0.4254
684	59320.29355	0.0909
685	59320.29508	0.0712
686	59320.29624	0.1586
687	59320.29743	0.1322
688	59320.29753	0.3702
689	59320.29768	0.0843
690	59320.29782	0.0685
691	59320.29945	0.1688
692	59320.29977	7.1237
693	59320.29999	2.1874
694	59320.30019	0.0382
695	59321.22548	0.4062
696	59321.22774	7.4235
697	59321.22784	0.3757
698	59321.22804	1.8114
699	59321.23138	0.1184
700	59321.23165	0.0646
701	59321.23542	0.6923
702	59321.23542	0.6083
703	59321.23754	0.8584
704	59321.23763	1.435
705	59321.23774	4.7782
706	59321.23774	4.7635
707	59321.23797	0.3221
708	59321.23861	0.0504
709	59321.24136	0.0741
710	59321.24334	0.0461
711	59321.24428	4.3488
712	59321.2456	2.0955
713	59321.25421	0.3328
714	59321.25491	8.3043
715	59321.25736	0.199
716	59321.25748	0.2227
717	59321.26018	0.1022
718	59321.2663	0.1339
719	59321.26699	1.1467
720	59321.27795	0.1248
721	59321.27806	2.455
722	59321.28	0.6075
723	59321.2816	0.2013
724	59321.28183	0.0648
725	59321.28236	0.092
726	59321.28278	5.2805
727	59322.30047	0.152
728	59322.30061	1.0955
729	59322.30341	0.3499
730	59322.30422	0.1334
731	59322.30464	4.2597
732	59322.30501	0.199
733	59322.30584	0.2963
734	59322.30757	0.0792
735	59322.30872	0.4566
736	59322.30928	0.0658
737	59322.3094	0.2955
738	59322.30961	3.5056
739	59322.31014	2.7246
740	59322.31353	0.0787
741	59322.31557	12.2358
742	59322.31557	1.049
743	59322.31788	0.1445
744	59322.31913	1.9618
745	59322.31913	0.6163
746	59322.32049	0.1621
747	59322.32255	1.661
748	59322.32305	5.1099
749	59322.32407	0.5298
750	59322.3257	0.9402
751	59322.3262	0.7712
752	59322.33014	0.083
753	59322.33462	1.128
754	59322.335	0.1411
755	59322.33652	0.0803
756	59322.33945	1.6448
757	59322.34227	0.245
758	59322.34416	1.4402
759	59322.34524	0.341
760	59322.3469	2.76
761	59322.34723	0.3666
762	59322.34723	3.4608
763	59322.34809	4.4341
764	59322.35028	3.9424
765	59322.3509	4.416
766	59322.35369	5
767	59322.35375	1.2611
768	59322.35994	0.1746
769	59322.36002	0.0922
770	59322.36002	0.2494
771	59322.36338	0.2426
772	59322.36442	0.3533
773	59322.3646	0.1506
774	59322.36746	5.6381
775	59322.36778	0.1384
776	59322.36778	2.7379
777	59322.36852	3.1771
778	59322.37092	2.3518
779	59322.37148	1.2645
780	59322.37516	1.5344
781	59322.37516	0.4826
782	59322.37735	1.0898
783	59323.29767	0.0805
784	59323.29916	0.8352
785	59323.29952	7.5661
786	59323.30197	3.7523
787	59323.30214	0.3035
788	59323.30219	0.3698
789	59323.30229	0.2102
790	59323.30229	2.1382
791	59323.30282	0.6581
792	59323.30339	0.4787
793	59323.30358	6.2026
794	59323.30394	0.1538
795	59323.30399	26.1229
796	59323.30556	0.3813
797	59323.3057	1.593
798	59323.30826	0.3472
799	59323.30833	0.987
800	59323.30916	0.0576
801	59323.30922	0.3728
802	59323.31007	0.6048
803	59323.31164	0.4456
804	59323.31282	2.4179
805	59323.31434	0.0283
806	59323.3148	0.1832
807	59323.31537	1.5256
808	59323.31702	0.8413
809	59323.32566	0.2882
810	59323.32639	1.8966
811	59323.3299	5.5973
812	59323.33137	1.1059
813	59323.33144	0.0514
814	59323.33258	0.2376
815	59323.33491	1.5898
816	59323.33491	0.1632
817	59323.33591	9.0235
818	59323.33884	3.709
819	59323.33892	1.0925
820	59323.3415	0.5102
821	59323.34153	0.2238
822	59323.34214	0.1774
823	59323.3454	0.5819
824	59323.34622	0.8002
825	59323.34708	0.6339
826	59323.3506	3.9114
827	59323.35156	2.7299
828	59323.35227	0.2283
829	59323.35422	0.3286
830	59323.35583	1.7778
831	59323.3584	0.3438
832	59323.35845	1.9762
833	59323.35845	1.4835
834	59323.35845	8.5869
835	59323.36061	0.3283
836	59323.36122	0.885
837	59323.36367	0.1178
838	59323.36436	1.2448
839	59323.36515	0.2787
840	59323.36655	1.2123
841	59323.36673	0.7896
842	59323.36941	2.4934
843	59323.37201	0.3264
844	59323.37632	0.4755
845	59323.37651	0.1232
846	59323.37651	0.1037
847	59324.33134	0.1504
848	59324.33381	0.048
849	59324.33426	6.7626
850	59324.33509	5.7117
851	59324.33649	0.5112
852	59324.33715	0.0618
853	59324.33715	0.7374
854	59324.34788	0.1051
855	59324.34827	0.0538
856	59324.34879	2.0883
857	59324.34879	0.6195
858	59324.34889	0.4752
859	59324.34898	1.444
860	59324.35219	3.3869
861	59324.35553	0.3934
862	59324.35755	0.3648
863	59324.35758	0.871
864	59324.35943	3.5131
865	59324.36112	0.1154
866	59324.36117	0.0437
867	59324.37121	2.8795
868	59324.37333	2.8054
869	59324.37453	0.7648
870	59324.37545	0.6738
871	59324.37581	3.3394
872	59324.37682	0.0715
873	59324.38447	0.272
874	59324.38535	0.5501
875	59324.38832	0.201
876	59324.38844	0.1104
877	59324.38844	0.5054
878	59324.38993	2.4526
879	59324.39015	0.0872
880	59324.39154	0.1502
881	59324.39266	1.5829
882	59324.39426	0.459
883	59324.39426	1.2635
884	59324.40011	2.5821
885	59324.40344	2.0037
886	59324.40366	0.0982
887	59324.40663	0.2499
888	59324.4071	0.3168
889	59324.40947	4.644
890	59324.41015	0.1341
891	59324.41507	0.12
892	59324.4163	0.3606
893	59324.41773	0.4904
894	59325.24725	1.351
895	59325.24775	6.9056
896	59325.25025	0.8166
897	59325.25261	0.1053
898	59325.25331	1.7275
899	59325.25343	0.0834
900	59325.25391	1.5613
901	59325.25622	0.2646
902	59325.25622	0.1216
903	59325.25676	0.0974
904	59325.26298	1.0718
905	59325.26413	0.1096
906	59325.26413	1.2661
907	59325.26425	1.5448
908	59325.2644	0.952
909	59325.28568	1.559
910	59325.28574	0.063
911	59325.28574	0.1349
912	59325.28973	0.2954
913	59325.29408	0.1594
914	59325.3055	2.3058
915	59325.3285	0.1077
916	59325.3286	0.3741
917	59325.32861	8.8066
918	59325.33183	1.9992
919	59325.33274	0.288
920	59325.33587	0.1443
921	59325.34022	0.233
922	59325.34037	0.3496
923	59325.34039	2.2006
924	59325.3417	1.0733
925	59325.34614	0.0408
926	59325.34721	0.5893
927	59325.36905	2.156
928	59325.3705	0.1728
929	59325.37209	0.0299
930	59325.37393	0.3683
931	59325.37556	3.4242
932	59325.37558	1.2075
933	59325.37591	0.0469
934	59325.37963	1.8266
935	59325.37967	2.0387
936	59325.38022	1.0269
937	59325.38175	2.2475
938	59325.38298	0.2427
939	59325.38331	0.168
940	59325.385	0.5102
941	59325.38534	0.4664
942	59325.38639	0.3357
943	59325.38797	0.0555
944	59326.22369	0.0734
945	59326.22429	2.0688
946	59326.22522	1.0478
947	59326.22648	1.0496
948	59326.22943	0.0686
949	59326.23031	3.2613
950	59326.23066	2.6805
951	59326.23467	0.0912
952	59326.23592	0.1426
953	59326.24219	3.9992
954	59326.24223	0.2173
955	59326.24311	0.4126
956	59326.26664	0.1885
957	59326.26845	2.0306
958	59326.26958	2.3053
959	59326.27047	0.3229
960	59326.27319	2.8096
961	59326.27803	0.22
962	59326.27933	0.8608
963	59326.28211	4.6211
964	59326.28283	0.5651
965	59326.28336	0.279
966	59326.28415	0.4917
967	59326.28514	0.1427
968	59326.30684	0.3571
969	59326.30691	0.251
970	59326.3093	3.047
971	59326.31255	1.4698
972	59326.31407	5.0214
973	59326.31458	0.2989
974	59326.31492	2.4227
975	59326.31492	0.2019
976	59326.31633	3.9163
977	59326.31846	0.361
978	59326.32988	0.1685
979	59326.33181	0.32
980	59326.33235	0.2384
981	59326.33311	0.193
982	59326.33375	0.489
983	59326.33641	6.297
984	59326.33785	1.8891
985	59326.33835	5.2283
986	59326.33979	1.236
987	59326.34093	0.3902
988	59326.34123	0.2477
989	59326.3431	0.3432
990	59326.34539	1.1922
991	59326.34656	1.1128
992	59326.35183	0.3502
993	59326.35198	1.6784
994	59326.35198	2.5824
995	59326.35258	0.0562
996	59326.35262	0.5509
997	59326.35495	1.3022
998	59326.35835	3.8418
999	59326.35835	0.409
1000	59326.35866	0.0749
1001	59326.36255	0.2907
1002	59326.36303	0.2053
1003	59326.36357	0.0338
1004	59326.36406	1.9339
1005	59326.36444	3.1578
1006	59326.36673	0.4288
1007	59326.36823	2.4554
1008	59326.37034	0.5299
1009	59327.21656	2.3827
1010	59327.21705	0.0274
1011	59327.22348	0.115
1012	59327.23378	4.1091
1013	59327.23612	0.4851
1014	59327.25865	0.9373
1015	59327.25947	0.5605
1016	59327.26019	5.292
1017	59327.26031	0.0422
1018	59327.26178	3.2816
1019	59327.26547	0.5963
1020	59327.26612	0.5066
1021	59327.26806	0.0474
1022	59327.27053	0.2334
1023	59327.27174	0.069
1024	59327.27311	0.3981
1025	59327.27311	5.3304
1026	59327.27311	1.2429
1027	59327.27503	3.1686
1028	59327.27503	3.3862
1029	59327.27595	0.6656
1030	59327.27706	0.1602
1031	59327.27733	1.5978
1032	59327.30002	0.1534
1033	59327.30119	0.0587
1034	59327.3041	0.5237
1035	59327.30744	0.1563
1036	59327.308	1.2643
1037	59327.3087	0.4405
1038	59327.31257	1.4162
1039	59327.31336	0.3394
1040	59327.31764	1.0882
1041	59327.31895	0.0818
1042	59327.34464	0.987
1043	59327.34529	1.3317
1044	59327.34599	0.311
1045	59327.34668	0.1086
1046	59327.34951	0.155
1047	59327.35	0.7235
1048	59327.35129	0.387
1049	59328.26498	0.8506
1050	59328.26808	0.0291
1051	59328.26836	0.139
1052	59328.27081	0.5331
1053	59328.27671	0.0405
1054	59328.27701	0.1576
1055	59328.27845	0.6971
1056	59328.27945	0.1019
1057	59328.28431	1.0632
1058	59328.28444	1.383
1059	59328.30734	0.3459
1060	59328.30878	3.7342
1061	59328.30972	0.8757
1062	59328.31218	0.2862
1063	59328.31355	0.9466
1064	59328.31377	0.1234
1065	59328.31561	0.5738
1066	59328.31781	1.6072
1067	59328.32104	0.1682
1068	59328.3215	0.2251
1069	59328.32285	0.5778
1070	59328.32482	2.4357
1071	59328.32482	0.0677
1072	59328.32482	0.3283
1073	59328.32666	4.1104
1074	59328.34865	0.0829
1075	59328.35119	3.0114
1076	59328.35187	2.2248
1077	59328.35205	0.0882
1078	59328.35444	1.2658
1079	59328.35531	0.1424
1080	59328.3574	2.108
1081	59328.35781	0.199
1082	59328.35922	0.4763
1083	59328.35961	0.7936
1084	59328.36316	4.7266
1085	59328.36316	4.0059
1086	59328.36358	0.3773
1087	59328.36391	0.9078
1088	59328.36425	0.6546
1089	59328.36425	0.1048
1090	59328.36521	0.4637
1091	59328.36546	0.0374
1092	59328.3681	0.2576
1093	59328.39096	0.5576
1094	59328.39314	3.4856
1095	59328.39406	0.363
1096	59328.39514	0.4723
1097	59328.3977	0.1714
1098	59328.39822	1.0554
1099	59328.40007	2.8122
1100	59328.40061	1.6861
1101	59328.40062	1.8629
1102	59328.40378	0.7376
1103	59328.40396	0.0474
1104	59328.40407	0.1578
1105	59328.40424	0.4898
1106	59328.40532	0.1525
1107	59328.40558	0.049
1108	59328.40721	1.0171
1109	59328.40913	0.0443
1110	59328.40913	0.7482
1111	59329.37956	0.116
1112	59329.3808	0.3552
1113	59329.3808	1.1317
1114	59329.38247	1.1318
1115	59329.38339	0.5842
1116	59329.38381	8.9234
1117	59329.38496	0.0819
1118	59329.38526	2.5614
1119	59329.38819	2.5206
1120	59329.38864	1.8112
1121	59329.39114	3.5018
1122	59329.39195	0.3522
1123	59329.39439	4.3909
1124	59329.39601	0.2658
1125	59329.39614	1.3186
1126	59329.39687	0.2107
1127	59329.39701	0.2824
1128	59329.3976	0.065
1129	59329.40351	0.3216
1130	59329.40552	1.4021
1131	59329.41238	0.6158
1132	59329.41365	0.4274
1133	59329.41505	0.0386
1134	59329.41544	1.5232
1135	59329.41544	0.9224
1136	59329.41607	0.2277
1137	59329.41722	0.0539
1138	59329.41819	0.7141
1139	59329.42617	2.6312
1140	59329.42628	0.0915
1141	59329.43181	0.2157
1142	59329.4319	0.7114
1143	59329.43273	1.8616
1144	59329.43373	0.3352
1145	59329.4363	0.4512
1146	59329.4363	1.3136
1147	59329.43782	0.2445
1148	59330.24633	0.244
1149	59330.24719	0.0427
1150	59330.24742	0.2291
1151	59330.24818	0.18
1152	59330.24828	0.2141
1153	59330.24839	0.019
1154	59330.2492	1.8746
1155	59330.25322	2.9666
1156	59330.25322	0.8323
1157	59330.25425	0.1658
1158	59330.25619	0.1774
1159	59330.25755	0.3674
1160	59330.25945	1.3285
1161	59330.28269	0.0757
1162	59330.28473	1.0296
1163	59330.28534	0.3002
1164	59330.28622	0.2045
1165	59330.28643	0.1859
1166	59330.28734	2.1109
1167	59330.28857	1.0027
1168	59330.29075	0.0877
1169	59330.29075	0.1611
1170	59330.29139	0.6976
1171	59330.29473	0.3058
1172	59330.29739	0.0261
1173	59330.29739	0.1203
1174	59330.29861	3.633
1175	59330.32439	1.4293
1176	59330.32458	0.8086
1177	59330.32564	2.3602
1178	59330.32696	0.1949
1179	59330.3287	1.9965
1180	59330.32917	0.467
1181	59330.32925	6.0986
1182	59330.33065	6.4882
1183	59330.3317	0.7558
1184	59330.33236	2.5934
1185	59330.33557	0.4
1186	59330.33557	3.5467
1187	59330.3363	0.911
1188	59330.33731	1.7731
1189	59330.33839	0.0403
1190	59330.34009	1.145
1191	59330.3409	3.8117
1192	59330.34104	0.2221
1193	59330.34359	0.2446
1194	59330.3685	0.1115
1195	59330.37428	0.5326
1196	59330.37596	0.9541
1197	59330.37598	0.2242
1198	59331.26315	0.1339
1199	59331.26315	0.389
1200	59331.26371	0.0418
1201	59331.26429	0.2144
1202	59331.26757	0.7232
1203	59331.26855	0.833
1204	59331.26861	0.1638
1205	59331.27115	0.325
1206	59331.27116	3.3939
1207	59331.27262	0.2498
1208	59331.27348	0.7102
1209	59331.27348	0.2778
1210	59331.27441	0.125
1211	59331.27474	2.1565
1212	59331.27622	0.1982
1213	59331.27671	0.0738
1214	59331.27709	2.5254
1215	59331.30691	0.9536
1216	59331.30724	2.3014
1217	59331.30828	0.0883
1218	59331.31314	0.2373
1219	59331.31393	0.2715
1220	59331.31466	0.1864
1221	59331.31653	0.1765
1222	59331.31924	0.652
1223	59331.32108	0.4443
1224	59331.32228	1.3792
1225	59331.32279	0.5755
1226	59331.34648	0.1021
1227	59331.3467	0.2386
1228	59331.34908	0.2886
1229	59331.35181	0.6894
1230	59331.35344	2.4214
1231	59331.35934	1.5576
1232	59331.36012	2.6211
1233	59331.36574	0.164
1234	59331.39355	1.5778
1235	59331.39469	0.3627
1236	59331.39637	0.8454
1237	59331.39885	0.0706
1238	59331.39957	0.1598
1239	59331.40499	5.0654
1240	59331.40543	0.3779
1241	59334.22724	0.4019
1242	59334.22771	1.9835
1243	59334.22904	0.1517
1244	59334.23072	8.7661
1245	59334.23239	3.1725
1246	59334.23327	0.2821
1247	59334.23483	0.1098
1248	59334.23664	2.9966
1249	59334.23752	0.0493
1250	59334.2395	4.6027
1251	59334.23977	8.6952
1252	59334.24002	0.5512
1253	59334.24003	0.1482
1254	59334.24076	0.0586
1255	59334.24137	0.0538
1256	59334.24543	0.2318
1257	59334.24551	0.2013
1258	59334.26807	2.0667
1259	59334.26867	0.0522
1260	59334.26972	0.6525
1261	59334.26972	0.1944
1262	59334.27422	0.968
1263	59334.27733	0.1934
1264	59334.27733	0.407
1265	59334.27738	1.4699
1266	59334.27867	2.3507
1267	59334.27942	1.4651
1268	59334.27985	2.7141
1269	59334.28046	0.6125
1270	59334.28248	0.3862
1271	59334.28485	0.2571
1272	59334.28556	0.2397
1273	59334.28666	0.2514
1274	59334.31056	0.5453
1275	59334.31146	0.1402
1276	59334.3117	1.2781
1277	59334.31228	0.1314
1278	59334.31228	0.4526
1279	59334.31338	0.6093
1280	59334.31468	0.1582
1281	59334.31504	0.7624
1282	59334.31568	1.2144
1283	59334.3166	0.4186
1284	59334.31735	0.0598
1285	59334.31778	1.6251
1286	59334.31885	2.3069
1287	59334.31927	0.1325
1288	59334.31969	1.4862
1289	59334.31969	0.2901
1290	59334.32078	1.3366
1291	59334.32085	1.5272
1292	59334.32093	0.1707
1293	59334.3217	0.1477
1294	59334.32205	3.1893
1295	59334.3229	4.601
1296	59334.32483	0.804
1297	59334.32495	9.1283
1298	59334.32769	0.0173
1299	59334.32838	0.7346
1300	59334.32838	0.5778
1301	59334.35808	2.2203
1302	59334.35828	0.2168
1303	59334.35919	0.5176
1304	59334.35965	14.2962
1305	59334.3611	0.1248
1306	59334.36349	5.8696
1307	59334.3638	0.1667
1308	59334.36415	0.1387
1309	59334.36457	1.1437
1310	59334.36669	0.0922
1311	59334.37165	0.0402
1312	59334.37218	0.1149
1313	59334.37428	0.237
1314	59334.37444	0.3144
1315	59334.37445	0.1229
1316	59334.37496	8.5162
1317	59334.37496	0.9674
1318	59336.21509	1.2227
1319	59336.218	0.0907
1320	59336.21942	3.681
1321	59336.2201	0.0253
1322	59336.22027	0.4568
1323	59336.22533	2.432
1324	59336.23003	0.0506
1325	59336.23043	0.2598
1326	59336.24788	0.2251
1327	59336.24899	1.364
1328	59336.25056	0.6003
1329	59336.25084	0.8491
1330	59336.25475	0.8099
1331	59336.25718	0.2026
1332	59336.25744	0.0448
1333	59336.26037	0.5862
1334	59336.26151	0.064
1335	59336.26222	0.1976
1336	59336.26562	0.9634
1337	59336.26562	0.123
1338	59336.26569	0.3016
1339	59336.31133	1.2042
1340	59336.31361	0.8336
1341	59336.31682	1.5466
1342	59336.31704	0.7758
1343	59336.32137	0.2558
1344	59336.32146	4.4286
1345	59336.322	2.2162
1346	59336.32209	4.236
1347	59336.32549	0.2139
1348	59336.32735	0.1888
1349	59336.35773	0.3869
1350	59336.35962	6.1181
1351	59336.36726	0.8461
1352	59336.36832	0.171
1353	59336.36924	0.8461
1354	59336.37073	2.8256
1355	59337.20868	0.0586
1356	59337.21365	0.128
1357	59337.21411	0.4757
1358	59337.21411	0.1277
1359	59337.21693	4.4662
1360	59337.21728	1.2165
1361	59337.21728	3.8381
1362	59337.21952	0.4424
1363	59337.21955	5.0747
1364	59337.22247	1.2275
1365	59337.22247	0.5749
1366	59337.22247	2.7474
1367	59337.22424	2.0325
1368	59337.22517	0.2851
1369	59337.24896	0.368
1370	59337.25081	1.7443
1371	59337.25095	6.3784
1372	59337.25106	4.097
1373	59337.25415	1.46
1374	59337.25495	0.1386
1375	59337.25606	0.2298
1376	59337.25845	1.8482
1377	59337.25891	2.6533
1378	59337.26112	2.1611
1379	59337.26181	0.1205
1380	59337.26627	0.1402
1381	59337.26655	0.033
1382	59337.26663	0.0406
1383	59337.26675	5.8158
1384	59337.26693	0.2869
1385	59337.28856	1.0315
1386	59337.29035	0.0555
1387	59337.29035	0.0803
1388	59337.29197	3.7149
1389	59337.29423	1.8486
1390	59337.29521	1.1008
1391	59337.29583	0.2618
1392	59337.29712	1.4054
1393	59337.29845	0.0819
1394	59337.30552	0.1699
1395	59337.30559	0.7934
1396	59337.30574	2.1267
1397	59337.30682	6.82
1398	59337.33037	5.0323
1399	59337.33049	9.1627
1400	59337.33094	0.0248
1401	59337.33186	0.2698
1402	59337.33215	0.2309
1403	59337.33463	0.1392
1404	59337.34006	0.0496
1405	59337.34078	0.052
1406	59337.34093	0.2333
1407	59337.34117	0.0283
1408	59337.34161	0.2182
1409	59337.34487	0.1949
1410	59337.34487	0.2189
1411	59337.34545	0.5374
1412	59337.34614	1.2634
1413	59337.34679	67.3181
1414	59337.34728	0.0936
1415	59337.34749	0.4227
1416	59337.34886	0.0413
1417	59337.35026	3.6491
1418	59338.28506	5.1923
1419	59338.28528	2.8266
1420	59338.2862	0.0325
1421	59338.28839	0.0304
1422	59338.28841	0.2634
1423	59338.28841	3.985
1424	59338.29247	0.0486
1425	59338.38106	1.3229
1426	59338.38553	0.1838
1427	59338.38791	0.1482
1428	59338.39031	0.4678
1429	59338.39113	7.3864
1430	59339.25886	5.4051
1431	59339.25912	0.3539
1432	59339.25934	2.0499
1433	59339.26819	0.2742
1434	59339.26867	0.1062
1435	59339.26867	0.2066
1436	59339.26882	8.9125
1437	59339.26882	13.9768
1438	59339.26882	0.0592
1439	59339.27074	0.6453
1440	59339.27306	0.955
1441	59339.27358	2.8328
1442	59339.27594	2.0429
1443	59339.2764	0.3563
1444	59339.27695	1.033
1445	59339.31455	0.687
1446	59339.31748	7.2827
1447	59339.31989	1.6378
1448	59339.32652	0.076
1449	59340.18515	0.0739
1450	59340.19152	0.072
1451	59340.19152	0.0653
1452	59340.19554	0.2592
1453	59340.19629	0.1712
1454	59340.22399	0.1435
1455	59340.22777	1.1336
1456	59340.2345	0.7677
1457	59340.23737	0.3147
1458	59340.25561	0.5811
1459	59340.26087	0.0526
1460	59340.26087	0.603
1461	59340.26886	1.5115
1462	59340.27086	0.1877
1463	59340.27326	0.2638
1464	59340.29	3.6706
1465	59340.29	3.5485
1466	59340.29581	0.085
1467	59340.29926	0.528
1468	59341.20531	5.3712
1469	59341.21164	1.1222
1470	59341.21473	0.1907
1471	59341.24566	0.1832
1472	59341.2592	0.3202
1473	59341.28677	0.7238
1474	59341.29029	0.695
1475	59341.2927	0.0981
1476	59341.2948	3.6832
1477	59341.29668	0.1494
1478	59341.32681	0.5411
1479	59341.33826	1.0298
1480	59341.34035	4.8998
1481	59343.19189	0.9259
1482	59343.19926	1.9802
1483	59343.20046	0.1883
1484	59343.20615	0.3022
1485	59343.20615	0.1456
1486	59343.20615	2.4651
1487	59343.25236	0.7144
1488	59343.27737	0.6923
1489	59343.28712	7.1422
1490	59343.28747	0.1432
1491	59343.28873	0.3075
1492	59343.29335	0.4024
1493	59343.3308	10.908
1494	59344.22692	0.3315
1495	59344.23567	0.0722
1496	59344.26734	0.1306
1497	59344.27743	4.7126
1498	59344.28431	0.9403
1499	59344.31271	1.6442
1500	59344.31578	2.8586
1501	59344.32076	0.0538
1502	59344.32383	0.3885
1503	59344.32673	0.471
1504	59344.35994	0.0914
1505	59345.23375	5.9741
1506	59345.24685	0.4538
1507	59345.27404	1.0653
1508	59345.28	0.4821
1509	59345.28382	2.3758
1510	59345.28495	0.564
1511	59345.28515	0.2851
1512	59345.31441	0.0688
1513	59345.31869	0.4224
1514	59345.31891	2.3309
1515	59345.32013	0.5078
1516	59345.3226	0.941
1517	59345.32989	0.3885
1518	59345.35483	8.2272
1519	59345.35825	3.1491
1520	59345.36201	0.0323
1521	59345.36224	0.5677
1522	59345.36431	0.6061
1523	59345.37077	0.0998
1524	59346.28129	0.4917
1525	59346.28188	0.5694
1526	59346.2863	6.1142
1527	59346.28846	0.2282
1528	59346.29415	0.2261
1529	59346.30371	0.2656
1530	59346.30512	7.1408
1531	59346.32045	0.2067
1532	59346.33596	1.84
1533	59346.3463	0.4518
1534	59346.34714	4.736
1535	59346.35001	6.6064
1536	59346.35064	5.0976
1537	59346.36141	0.4142
1538	59346.36933	0.2285
1539	59346.37428	1.0275
1540	59347.16155	0.5434
1541	59347.17321	3.8787
1542	59347.17353	0.387
1543	59347.17353	5.4728
1544	59347.17353	1.8523
1545	59347.17814	0.4971
1546	59347.18072	1.4955
1547	59347.21983	0.1418
1548	59347.22308	0.0827
1549	59347.22336	0.6317
1550	59347.22336	1.2099
1551	59347.22336	3.373
1552	59347.22609	0.0995
1553	59347.23113	0.1666
1554	59347.24497	1.4942
1555	59347.24595	1.1306
1556	59347.24769	1.3654
1557	59347.24931	0.6797
1558	59347.258	7.3205
1559	59347.25843	1.7062
1560	59347.26034	1.8598
1561	59347.26064	0.2984
1562	59347.2947	3.6853
1563	59347.29704	0.2408
1564	59347.30172	0.3338
1565	59348.19316	18.999
1566	59348.19342	0.3702
1567	59348.19582	0.0507
1568	59348.19675	0.2384
1569	59348.19926	2.752
1570	59348.19995	8.5179
1571	59348.20214	0.0962
1572	59348.20293	0.2008
1573	59348.20322	1.7232
1574	59348.20331	3.2203
1575	59348.22902	0.2202
1576	59348.23224	0.2691
1577	59348.23224	2.1517
1578	59348.23224	8.9341
1579	59348.23457	0.1314
1580	59348.23743	0.4488
1581	59348.23782	0.5325
1582	59348.23787	2.2054
1583	59348.23853	0.6789
1584	59348.23938	2.9626
1585	59348.23981	1.8045
1586	59348.24158	0.2035
1587	59348.27222	6.6238
1588	59348.27269	1.507
1589	59348.27269	0.4325
1590	59348.2729	0.2144
1591	59348.27834	0.0771
1592	59348.27894	5.8384
1593	59348.27894	1.5749
1594	59348.27894	5.336
1595	59348.27908	0.0397
1596	59348.28253	0.7053
1597	59348.28658	1.8363
1598	59348.28807	0.6146
1599	59348.3272	1.0536
1600	59348.32744	0.4019
1601	59348.33436	0.3336
1602	59348.33436	0.1957
1603	59348.3344	1.3277
1604	59348.3344	0.3496
1605	59348.33456	0.9531
1606	59348.33626	2.7152
1607	59348.33626	2.168
1608	59348.33737	0.7546
1609	59349.16941	0.3709
1610	59349.17005	0.0562
1611	59349.17649	0.8533
1612	59349.17746	0.1008
1613	59349.17845	3.2741
1614	59349.21021	0.3734
1615	59349.21216	0.1618
1616	59349.2157	0.0939
1617	59349.2157	0.2579
1618	59349.21574	0.8979
1619	59349.21574	2.2245
1620	59349.21911	0.4349
1621	59349.22078	1.489
1622	59349.22085	3.828
1623	59349.24656	1.9499
1624	59349.2468	3.039
1625	59349.25158	0.6168
1626	59349.25376	4.8134
1627	59349.25612	6.2534
1628	59349.29663	0.1414
1629	59349.29723	0.0899
1630	59349.29813	0.9762
1631	59349.30009	1.1574
1632	59349.3058	0.1715
1633	59349.30826	0.9723
1634	59349.30982	1.1413
1635	59350.16328	2.6296
1636	59350.16338	4.0291
1637	59350.1654	1.0974
1638	59350.16804	0.3365
1639	59350.1793	2.0912
1640	59350.18311	2.7541
1641	59350.20478	0.1595
1642	59350.20698	0.2349
1643	59350.20871	0.5445
1644	59350.21171	0.061
1645	59350.21642	7.184
1646	59350.21827	0.1174
1647	59350.22018	0.9125
1648	59350.22459	1.0613
1649	59350.25453	0.4362
1650	59350.25462	1.2624
1651	59350.25477	0.0696
1652	59350.25555	3.6626
1653	59350.25672	0.0744
1654	59350.25735	0.9026
1655	59350.25827	0.5453
1656	59350.25832	0.3355
1657	59350.25947	0.1936
1658	59350.26022	1.4406
1659	59350.2639	0.8251
1660	59350.26424	0.3659
1661	59350.26468	2.6115
1662	59350.26468	2.1448
1663	59350.26567	2.3248
1664	59350.26982	2.2952
1665	59350.27127	0.1234
1666	59350.27162	0.569
1667	59350.30391	0.5003
1668	59350.30419	0.204
1669	59350.30885	3.4562
1670	59350.31406	0.3275
1671	59350.3162	2.8661
1672	59350.31746	0.8126
1673	59350.3189	1.7147
1674	59351.16746	3.7098
1675	59351.1687	0.8384
1676	59351.17113	0.404
1677	59351.17114	1.4102
1678	59351.17339	2.7406
1679	59351.17638	0.2475
1680	59351.18103	0.6584
1681	59351.18154	0.1069
1682	59351.18172	2.1029
1683	59351.19515	1.507
1684	59351.19518	7.4862
1685	59351.20418	0.0432
1686	59351.20716	0.1898
1687	59351.20752	0.876
1688	59351.20773	2.9138
1689	59351.20783	0.2797
1690	59351.20942	0.0867
1691	59351.2107	3.7042
1692	59351.21287	0.1226
1693	59351.21417	0.237
1694	59351.22859	5.377
1695	59351.22971	4.3258
1696	59351.23256	0.0494
1697	59351.23314	0.1704
1698	59351.23747	0.179
1699	59351.23911	0.096
1700	59351.23957	0.3101
1701	59351.24063	4.4907
1702	59351.24546	0.2826
1703	59351.25713	0.1245
1704	59351.2588	0.0794
1705	59351.25903	0.1992
1706	59351.25909	6.375
1707	59351.25927	0.1875
1708	59351.26019	4.7746
1709	59351.26425	0.0339
1710	59351.2647	0.2179
1711	59351.26523	0.2504
1712	59351.26641	1.3278
1713	59351.26845	0.0739
1714	59351.27318	2.272
1715	59351.27354	0.0798
1716	59351.27389	2.7875
1717	59352.24649	0.2691
1718	59352.24698	3.9635
1719	59352.25657	0.1384
1720	59352.25842	0.3126
1721	59352.25983	0.1139
1722	59352.26433	3.7299
1723	59352.26521	1.8699
1724	59352.26521	2.5285
1725	59352.27764	5.2958
1726	59352.27847	1.4296
1727	59352.27981	1.6368
1728	59352.28038	0.1187
1729	59352.28038	0.591
1730	59352.28324	2.9595
1731	59352.2835	0.2827
1732	59352.28844	1.1064
1733	59352.29076	5.7181
1734	59352.29174	1.821
1735	59352.29753	1.0518
1736	59352.311	0.5646
1737	59352.31476	1.488
1738	59352.3186	0.4624
1739	59352.31881	1.8942
1740	59352.3199	0.2354
1741	59352.32114	0.7507
1742	59352.32133	0.3573
1743	59352.32176	1.0365
1744	59352.32234	2.0654
1745	59352.32686	0.0886
1746	59352.32812	0.5085
1747	59352.34066	0.0693
1748	59352.34198	0.9771
1749	59352.34207	0.5766
1750	59352.34262	0.2414
1751	59352.34489	0.1787
1752	59352.34979	1.2152
1753	59352.35203	0.3322
1754	59352.35286	3.625
1755	59352.3538	0.4917
1756	59352.3574	0.3974
1757	59352.3574	0.7954
1758	59353.23347	0.3016
1759	59353.23892	0.095
1760	59353.23951	1.9678
1761	59353.24054	1.5698
1762	59353.24099	4.531
1763	59353.24502	1.2824
1764	59353.24583	0.631
1765	59353.24671	1.0075
1766	59353.24904	4.6611
1767	59353.24991	0.879
1768	59353.25222	0.1333
1769	59353.25222	0.2901
1770	59353.25225	0.0934
1771	59353.25233	0.3021
1772	59353.2767	0.1035
1773	59353.27672	0.791
1774	59353.27712	0.5445
1775	59353.2783	0.6168
1776	59353.2788	0.2523
1777	59353.27914	0.4125
1778	59353.28129	0.735
1779	59353.2816	0.1997
1780	59353.28348	0.229
1781	59353.28483	0.7893
1782	59353.28716	0.7467
1783	59353.29212	0.9437
1784	59353.29244	0.1344
1785	59354.13845	1.74
1786	59354.14137	0.2096
1787	59354.1438	0.3795
1788	59354.1438	2.1866
1789	59354.14765	0.4602
1790	59354.14774	0.0445
1791	59354.14932	3.0586
1792	59354.1512	0.7605
1793	59354.15193	0.9469
1794	59354.15433	0.459
1795	59354.15469	0.1163
1796	59354.15671	3.272
1797	59354.15725	0.6557
1798	59354.17791	0.096
1799	59354.17898	1.8291
1800	59354.18196	0.3048
1801	59354.18319	0.1838
1802	59354.18343	0.2152
1803	59354.18587	0.3536
1804	59354.18851	6.201
1805	59354.18897	0.2672
1806	59354.19103	0.1466
1807	59354.19242	0.084
1808	59357.13344	0.8299
1809	59357.13367	0.1725
1810	59357.13399	2.5806
1811	59357.13493	2.5318
1812	59357.13696	0.1682
1813	59357.13735	0.3659
1814	59357.13827	0.1213
1815	59357.13928	0.6469
1816	59357.13928	0.844
1817	59357.14046	2.1742
1818	59357.14469	0.8315
1819	59357.14469	0.1067
1820	59357.14469	0.1248
1821	59357.16695	0.5141
1822	59357.16731	0.4374
1823	59357.16797	0.084
1824	59357.1689	1.0613
1825	59357.1689	3.1958
1826	59357.16912	0.5586
1827	59357.16952	0.0853
1828	59357.16984	0.3811
1829	59357.17111	0.1707
1830	59357.17437	1.4378
1831	59357.17919	0.1173
1832	59357.17919	0.5819
1833	59357.18233	0.288
1834	59357.18412	5.0285
1835	59357.18438	0.0909
1836	59360.12506	0.061
1837	59360.12565	0.071
1838	59360.13126	0.8635
1839	59360.13178	1.7717
1840	59360.13227	0.3552
1841	59360.13427	0.073
1842	59360.13427	1.6765
1843	59360.13427	1.5976
1844	59360.13584	0.3014
1845	59360.13745	0.5099
1846	59360.1388	1.9242
1847	59360.14438	2.3798
1848	59360.15952	0.9843
1849	59360.16562	0.345
1850	59360.16718	2.4693
1851	59360.16759	4.2306
1852	59360.16818	0.0659
1853	59360.16818	0.3451
1854	59360.16836	0.1581
1855	59360.16865	1.876
1856	59360.16902	3.7848
1857	59360.17246	0.159
1858	59360.17382	0.6699
1859	59360.17413	1.3518
1860	59360.17562	0.0482
1861	59360.17605	6.3206
1862	59360.17698	0.9506
1863	59360.17901	2.3163

FAST (Zhang et al. 2022, RAA, 22, 124002)
Burst	TOA (MJD)	Fluece (Jy ms)
1	59482.94451 	0.041
2	59482.94673 	0.108
3	59482.94701 	0.026
4	59482.94712 	0.02
5	59482.94736 	0.043
6	59482.94758 	0.031
7	59482.94769 	1.787
8	59482.95005 	0.395
9	59482.95226 	0.143
10	59482.95326 	0.23
11	59482.95326 	0.369
12	59482.95355 	0.03
13	59482.95379 	0.02
14	59482.95569 	0.114
15	59482.95927 	1.537
16	59482.96155 	5.403
17	59482.96157 	0.022
18	59482.96238 	0.128
19	59482.96311 	0.063
20	59482.96557 	0.435
21	59482.96594 	0.061
22	59482.96594 	1.825
23	59482.96645 	0.021
24	59482.96645 	0.029
25	59482.96783 	0.067
26	59482.97383 	1.058
27	59482.97432 	0.738
28	59482.97432 	0.069
29	59482.97862 	0.033
30	59482.97882 	0.027
31	59482.98046 	3.678
32	59482.98046 	0.309
33	59482.98112 	0.056
34	59482.98135 	0.182
35	59482.98284 	0.061
36	59483.86469 	0.379
37	59483.86524 	0.023
38	59483.86609 	0.218
39	59483.86610 	0.036
40	59483.86631 	0.757
41	59483.86635 	2.147
42	59483.86635 	0.034
43	59483.86635 	1.694
44	59483.86703 	0.42
45	59483.86744 	0.135
46	59483.86908 	0.188
47	59483.86952 	0.012
48	59483.87008 	0.246
49	59483.87010 	1.47
50	59483.87092 	0.934
51	59483.87094 	0.23
52	59483.87107 	0.015
53	59483.87161 	0.035
54	59483.87178 	0.133
55	59483.87178 	0.059
56	59483.87224 	0.669
57	59483.87254 	0.048
58	59483.87293 	0.151
59	59483.87411 	0.041
60	59483.87411 	0.105
61	59483.87435 	0.057
62	59483.87435 	0.067
63	59483.87506 	0.315
64	59483.87506 	0.036
65	59483.87540 	0.214
66	59483.87630 	0.346
67	59483.87630 	0.026
68	59483.87828 	3.544
69	59483.87860 	1.065
70	59483.87868 	0.685
71	59483.87907 	0.104
72	59483.87986 	1.886
73	59483.88023 	0.51
74	59483.88047 	0.067
75	59483.88081 	0.02
76	59483.88112 	0.101
77	59483.88363 	0.912
78	59483.88384 	1.19
79	59483.88484 	0.422
80	59483.88571 	0.1
81	59483.88745 	0.37
82	59483.88766 	0.05
83	59483.89123 	0.025
84	59483.89170 	0.041
85	59483.89222 	0.857
86	59483.89281 	0.469
87	59483.89281 	0.042
88	59483.89464 	0.072
89	59483.89508 	0.027
90	59483.89566 	1.368
91	59483.89570 	0.105
92	59483.89588 	0.114
93	59483.89604 	0.038
94	59483.89627 	0.262
95	59483.89663 	0.055
96	59483.89676 	0.044
97	59483.89767 	0.051
98	59483.89824 	0.212
99	59483.89880 	0.039
100	59483.89930 	0.098
101	59483.89954 	0.056
102	59483.90142 	2.382
103	59483.90157 	0.012
104	59483.90202 	0.063
105	59483.90235 	1.279
106	59483.90245 	0.629
107	59483.90245 	0.074
108	59484.81506 	0.036
109	59484.81507 	0.092
110	59484.81508 	0.034
111	59484.81519 	0.022
112	59484.81554 	0.043
113	59484.81563 	0.696
114	59484.81572 	0.693
115	59484.81608 	0.414
116	59484.81608 	2.09
117	59484.81620 	0.066
118	59484.81648 	0.383
119	59484.81656 	0.975
120	59484.81656 	0.051
121	59484.81706 	0.809
122	59484.81711 	1.64
123	59484.81711 	0.048
124	59484.81711 	4.25
125	59484.81756 	1.201
126	59484.81756 	2.643
127	59484.81778 	0.052
128	59484.81780 	0.069
129	59484.81798 	0.901
130	59484.81856 	0.174
131	59484.81946 	0.133
132	59484.81946 	1.745
133	59484.81946 	0.486
134	59484.81999 	0.337
135	59484.82009 	0.037
136	59484.82019 	0.042
137	59484.82025 	0.012
138	59484.82127 	0.027
139	59484.82131 	0.327
140	59484.82131 	0.394
141	59484.82136 	0.82
142	59484.82178 	0.419
143	59484.82186 	0.236
144	59484.82212 	0.053
145	59484.82219 	1.374
146	59484.82219 	0.239
147	59484.82256 	0.021
148	59484.82265 	0.404
149	59484.82273 	0.118
150	59484.82273 	1.879
151	59484.82278 	1.264
152	59484.82282 	9.653
153	59484.82295 	0.394
154	59484.82300 	0.043
155	59484.82363 	0.572
156	59484.82363 	2.511
157	59484.82363 	0.22
158	59484.82365 	0.218
159	59484.82378 	0.118
160	59484.82387 	0.042
161	59484.82390 	0.15
162	59484.82407 	0.025
163	59484.82463 	0.038
164	59484.82466 	0.186
165	59484.82466 	0.197
166	59484.82466 	5.366
167	59484.82496 	0.064
168	59484.82512 	0.083
169	59484.82512 	0.908
170	59484.82517 	0.005
171	59484.82517 	0.029
172	59484.82531 	0.118
173	59484.82531 	0.064
174	59484.82531 	0.081
175	59484.82531 	0.014
176	59484.82708 	0.79
177	59484.82708 	0.212
178	59484.82738 	0.229
179	59484.82738 	2.056
180	59484.82771 	0.082
181	59484.82771 	0.226
182	59484.82808 	0.069
183	59484.82883 	0.27
184	59484.82891 	0.248
185	59484.82964 	0.509
186	59484.83043 	0.07
187	59484.83043 	0.267
188	59484.83043 	0.12
189	59484.83059 	0.478
190	59484.83060 	1.197
191	59484.83060 	0.056
192	59484.83066 	0.199
193	59484.83072 	0.024
194	59484.83074 	0.104
195	59484.83074 	0.289
196	59484.83084 	0.517
197	59484.83135 	0.069
198	59484.83190 	3.397
199	59484.83202 	1.561
200	59484.83204 	0.625
201	59484.83209 	0.039
202	59484.83249 	0.112
203	59484.83274 	0.061
204	59484.83287 	0.229
205	59484.83287 	0.078
206	59484.83305 	0.077
207	59484.83308 	0.082
208	59484.83308 	3.017
209	59484.83323 	1.495
210	59484.83331 	0.038
211	59484.83331 	0.184
212	59484.83416 	0.404
213	59484.83476 	0.916
214	59484.83489 	2.462
215	59484.83525 	2.263
216	59484.83525 	0.117
217	59484.83536 	3.008
218	59484.83562 	0.025
219	59484.83562 	0.127
220	59484.83562 	0.276
221	59484.83594 	0.514
222	59484.83594 	0.395
223	59484.83603 	0.033
224	59484.83620 	1.345
225	59484.83629 	0.227
226	59484.83633 	0.418
227	59484.83634 	0.135
228	59484.83652 	0.116
229	59484.83653 	1.757
230	59484.83665 	0.022
231	59484.83682 	0.78
232	59484.83691 	0.385
233	59484.83697 	0.066
234	59484.83706 	0.155
235	59484.83706 	0.217
236	59484.83729 	1.868
237	59484.83754 	0.1
238	59484.83880 	0.751
239	59484.83883 	0.013
240	59484.83883 	0.02
241	59484.83883 	0.038
242	59484.83883 	1.07
243	59484.83915 	0.103
244	59484.83926 	0.044
245	59484.83927 	0.024
246	59484.83955 	2.588
247	59484.83990 	0.348
248	59484.84035 	0.134
249	59484.84070 	0.31
250	59484.84074 	0.041
251	59484.84074 	0.052
252	59484.84074 	0.047
253	59484.84076 	0.551
254	59484.84085 	0.11
255	59484.84100 	0.933
256	59484.84128 	0.123
257	59484.84168 	0.572
258	59484.84168 	1.407
259	59484.84170 	0.081
260	59484.84173 	0.314
261	59484.84180 	0.329
262	59484.84199 	2.041
263	59484.84200 	0.064
264	59484.84205 	0.754
265	59484.84211 	6.456
266	59484.84211 	3.237
267	59484.84232 	0.05
268	59484.84234 	0.096
269	59484.84234 	0.039
270	59484.84235 	0.026
271	59484.84263 	0.207
272	59484.84289 	5.823
273	59484.84309 	0.084
274	59484.84313 	0.052
275	59484.84313 	0.878
276	59484.84336 	0.073
277	59484.84337 	0.027
278	59484.84371 	0.092
279	59484.84394 	1.92
280	59484.84394 	0.369
281	59484.84412 	0.065
282	59484.84419 	2.506
283	59484.84434 	1.321
284	59484.84441 	1.611
285	59484.84447 	2.185
286	59484.84455 	0.168
287	59484.84456 	4.245
288	59484.84456 	0.114
289	59484.84456 	0.135
290	59484.84456 	0.121
291	59484.84477 	0.044
292	59484.84502 	0.268
293	59484.84518 	0.688
294	59484.84518 	9.734
295	59484.84554 	0.175
296	59484.84563 	0.59
297	59484.84612 	2.108
298	59484.84633 	0.17
299	59484.84654 	0.073
300	59484.84702 	0.979
301	59484.84716 	0.407
302	59484.84735 	0.339
303	59484.84797 	0.078
304	59484.84802 	0.463
305	59484.84802 	0.634
306	59484.84806 	0.194
307	59484.84824 	2.796
308	59484.84824 	2.4
309	59484.84873 	0.048
310	59484.84908 	0.109
311	59484.84957 	0.102
312	59484.84957 	1.305
313	59484.84960 	0.188
314	59484.84962 	2.074
315	59484.84969 	1.044
316	59484.85013 	1.642
317	59484.85043 	0.343
318	59484.85043 	0.098
319	59484.85043 	1.577
320	59484.85061 	1.229
321	59484.85066 	0.489
322	59484.85066 	0.048
323	59484.85084 	1.219
324	59484.85130 	1.794
325	59484.85153 	0.03
326	59484.85197 	0.979
327	59484.85213 	0.01
328	59484.85234 	0.325
329	59484.85253 	2.865
330	59484.85253 	0.577
331	59484.85267 	0.034
332	59484.85300 	1.843
333	59484.85309 	0.065
334	59484.85311 	3.144
335	59484.85469 	4.547
336	59484.85470 	0.082
337	59484.85471 	0.037
338	59484.85513 	0.122
339	59484.85517 	1.5
340	59485.78409 	0.053
341	59485.78430 	0.327
342	59485.78430 	0.228
343	59485.78430 	1.502
344	59485.78439 	0.083
345	59485.78444 	0.07
346	59485.78444 	1.947
347	59485.78444 	0.115
348	59485.78445 	0.246
349	59485.78454 	0.152
350	59485.78456 	0.091
351	59485.78477 	1.526
352	59485.78498 	0.018
353	59485.78508 	0.615
354	59485.78515 	0.318
355	59485.78516 	2.639
356	59485.78516 	2.754
357	59485.78527 	1.287
358	59485.78533 	0.179
359	59485.78541 	0.087
360	59485.78552 	0.09
361	59485.78553 	0.554
362	59485.78553 	0.048
363	59485.78553 	0.282
364	59485.78567 	1.548
365	59485.78593 	2.61
366	59485.78593 	0.393
367	59485.78593 	0.141
368	59485.78595 	0.037
369	59485.78595 	0.031
370	59485.78613 	0.359
371	59485.78635 	0.616
372	59485.78667 	0.054
373	59485.78667 	0.049
374	59485.78667 	0.052
375	59485.78668 	0.06
376	59485.78668 	0.038
377	59485.78668 	1.422
378	59485.78676 	0.241
379	59485.78714 	0.059
380	59485.78737 	0.527
381	59485.78737 	0.039
382	59485.78750 	0.075
383	59485.78758 	0.054
384	59485.78758 	0.98
385	59485.78759 	0.527
386	59485.78764 	0.995
387	59485.78764 	0.046
388	59485.78764 	0.208
389	59485.78787 	1.882
390	59485.78793 	0.153
391	59485.78794 	0.138
392	59485.78794 	0.037
393	59485.78797 	0.088
394	59485.78797 	0.964
395	59485.78803 	0.416
396	59485.78822 	0.098
397	59485.78843 	0.166
398	59485.78843 	0.056
399	59485.78847 	0.475
400	59485.78854 	1.718
401	59485.78864 	0.58
402	59485.78864 	0.696
403	59485.78879 	0.146
404	59485.78893 	0.026
405	59485.78895 	0.192
406	59485.78905 	0.02
407	59485.78905 	0.121
408	59485.78911 	0.918
409	59485.78929 	2.6
410	59485.78942 	0.324
411	59485.78952 	2.324
412	59485.78960 	0.182
413	59485.78960 	0.709
414	59485.78988 	1.641
415	59485.78991 	0.096
416	59485.78999 	0.112
417	59485.79000 	1.967
418	59485.79017 	0.069
419	59485.79017 	0.791
420	59485.79017 	0.223
421	59485.79019 	0.266
422	59485.79020 	1.491
423	59485.79020 	0.051
424	59485.79020 	0.8
425	59485.79038 	0.125
426	59485.79038 	2.26
427	59485.79038 	0.255
428	59485.79039 	0.587
429	59485.79041 	0.495
430	59485.79069 	0.161
431	59485.79077 	0.559
432	59485.79128 	0.094
433	59485.79129 	0.229
434	59485.79144 	0.094
435	59485.79144 	0.429
436	59485.79147 	1.75
437	59485.79152 	0.752
438	59485.79152 	0.567
439	59485.79173 	0.207
440	59485.79174 	1.018
441	59485.79174 	2.068
442	59485.79180 	2.229
443	59485.79214 	0.072
444	59485.79214 	0.073
445	59485.79240 	0.675
446	59485.79240 	0.051
447	59485.79254 	1.187
448	59485.79259 	0.067
449	59485.79259 	0.133
450	59485.79305 	2.266
451	59485.79312 	1.055
452	59485.79313 	0.125
453	59485.79321 	0.076
454	59485.79323 	0.18
455	59485.79326 	0.063
456	59485.79326 	1.155
457	59485.79326 	0.174
458	59485.79331 	2.134
459	59485.79332 	0.518
460	59485.79334 	0.22
461	59485.79334 	0.628
462	59485.79349 	0.02
463	59485.79352 	0.196
464	59485.79401 	0.062
465	59485.79410 	0.04
466	59485.79453 	1.129
467	59485.79462 	0.123
468	59485.79466 	0.363
469	59485.79471 	0.129
470	59485.79479 	1.261
471	59485.79479 	0.08
472	59485.79479 	0.356
473	59485.79497 	1.479
474	59485.79499 	0.062
475	59485.79532 	0.1
476	59485.79532 	2.248
477	59485.79538 	0.666
478	59485.79538 	2.502
479	59485.79542 	0.937
480	59485.79544 	0.064
481	59485.79549 	0.162
482	59485.79549 	0.731
483	59485.79564 	0.054
484	59485.79566 	2.539
485	59485.79571 	0.081
486	59485.79581 	0.513
487	59485.79585 	0.201
488	59485.79587 	0.338
489	59485.79589 	0.211
490	59485.79604 	0.541
491	59485.79620 	0.072
492	59485.79620 	3.863
493	59485.79628 	1.525
494	59485.79672 	0.637
495	59485.79672 	0.032
496	59485.79672 	0.05
497	59485.79678 	0.062
498	59485.79701 	0.295
499	59485.79717 	1.043
500	59485.79717 	3.74
501	59485.79717 	0.709
502	59485.79718 	0.874
503	59485.79723 	0.475
504	59485.79723 	0.097
505	59485.79739 	0.064
506	59485.79752 	1.001
507	59485.79769 	0.313
508	59485.79769 	0.75
509	59485.79778 	0.221
510	59485.79782 	0.1
511	59485.79796 	0.055
512	59485.79799 	1.173
513	59485.79810 	0.072
514	59485.79818 	0.084
515	59485.79831 	0.06
516	59485.79836 	0.028
517	59485.79836 	0.06
518	59485.79836 	0.518
519	59485.79845 	0.327
520	59485.79850 	0.014
521	59485.79850 	0.022
522	59485.79872 	1.308
523	59485.79888 	0.036
524	59485.79909 	1.909
525	59485.79913 	0.083
526	59485.79939 	0.721
527	59485.79939 	0.24
528	59485.79946 	0.058
529	59485.79950 	0.059
530	59485.79958 	0.045
531	59485.79970 	0.47
532	59485.79989 	0.078
533	59485.79998 	0.101
534	59485.80009 	0.139
535	59485.80027 	0.301
536	59485.80030 	2.727
537	59485.80036 	1.285
538	59485.80048 	0.101
539	59485.80048 	0.411
540	59485.80055 	0.077
541	59485.80055 	1.33
542	59485.80055 	0.319
543	59485.80068 	0.145
544	59485.80070 	0.294
545	59485.80083 	0.1
546	59485.80102 	0.659
547	59485.80102 	0.145
548	59485.80102 	0.833
549	59485.80102 	0.592
550	59485.80107 	2.361
551	59485.80107 	0.545
552	59485.80107 	0.695
553	59485.80107 	1.109
554	59485.80107 	0.195
555	59485.80123 	3.871
556	59485.80124 	0.125
557	59485.80126 	0.195
558	59485.80126 	0.864
559	59485.80126 	0.121
560	59485.80129 	0.122
561	59485.80147 	0.043
562	59485.80166 	1.748
563	59485.80168 	0.045
564	59485.80168 	0.036
565	59485.80168 	0.381
566	59485.80168 	0.011
567	59485.80168 	0.07
568	59485.80176 	1.079
569	59485.80191 	1.129
570	59485.80191 	1.981
571	59485.80197 	0.354
572	59485.80202 	0.326
573	59485.80202 	0.091
574	59485.80211 	1.325
575	59485.80214 	0.097
576	59485.80236 	2.457
577	59485.80236 	0.148
578	59485.80239 	5.03
579	59485.80252 	0.152
580	59485.80254 	0.326
581	59485.80267 	3.778
582	59485.80267 	0.343
583	59485.80268 	0.091
584	59485.80277 	0.263
585	59485.80277 	0.086
586	59485.80277 	0.15
587	59485.80277 	0.377
588	59485.80280 	0.133
589	59485.80290 	0.268
590	59485.80327 	0.392
591	59485.80327 	0.045
592	59485.80327 	0.055
593	59485.80351 	0.078
594	59485.80370 	1.245
595	59485.80389 	0.101
596	59485.80391 	0.212
597	59485.80400 	0.085
598	59485.80408 	0.38
599	59485.80409 	2.031
600	59485.80414 	0.12
601	59485.80414 	0.328
602	59485.80415 	0.415
603	59485.80415 	0.507
604	59485.80428 	1.08
605	59485.80428 	0.157
606	59485.80428 	0.817
607	59485.80439 	0.808
608	59485.80440 	0.111
609	59485.80449 	0.526
610	59485.80449 	0.197
611	59485.80463 	0.576
612	59485.80475 	2.739
613	59485.80485 	0.122
614	59485.80485 	0.894
615	59485.80485 	0.526
616	59485.80485 	0.142
617	59485.80485 	0.086
618	59485.80502 	0.749
619	59485.80516 	0.84
620	59485.80528 	0.092
621	59485.80528 	0.488
622	59485.80528 	0.154
623	59485.80550 	0.539
624	59485.80566 	0.93
625	59485.80566 	0.489
626	59485.80593 	0.143
627	59485.80593 	0.212
628	59485.80603 	0.934
629	59485.80604 	0.046
630	59485.80626 	0.616
631	59485.80626 	0.056
632	59485.80626 	3.328
633	59485.80673 	0.087
634	59485.80679 	0.081
635	59485.80684 	0.208
636	59485.80688 	0.8
637	59485.80689 	0.074
638	59485.80690 	0.297
639	59485.80694 	0.702
640	59485.80694 	0.227
641	59485.80695 	0.119
642	59485.80695 	0.042
643	59485.80697 	0.476
644	59485.80710 	0.013
645	59485.80711 	0.008
646	59485.80711 	0.125
647	59485.80711 	0.113
648	59485.80717 	0.053
649	59485.80738 	0.88
650	59485.80740 	0.08
651	59485.80740 	0.039
652	59485.80741 	0.073
653	59485.80751 	1.133
654	59485.80751 	0.03
655	59485.80751 	0.194
656	59485.80760 	0.27
657	59485.80760 	1.048
658	59485.80764 	0.173
659	59485.80770 	1.145
660	59485.80770 	0.035
661	59485.80779 	0.283
662	59485.80791 	0.078
663	59485.80791 	0.251
664	59485.80798 	0.068
665	59485.80800 	0.388
666	59485.80800 	0.109
667	59485.80800 	0.184
668	59485.80806 	0.633
669	59485.80809 	0.042
670	59485.80809 	2.914
671	59485.80810 	0.839
672	59485.80823 	0.978
673	59485.80823 	1.766
674	59485.80823 	2.157
675	59485.80834 	0.075
676	59485.80835 	1.454
677	59485.80836 	1.485
678	59485.80836 	1.743
679	59485.80836 	0.708
680	59485.80853 	0.098
681	59485.80860 	0.088
682	59485.80869 	0.109
683	59485.80869 	2.097
684	59485.80869 	0.172
685	59485.80872 	0.045
686	59485.80872 	0.163
687	59485.80872 	0.318
688	59485.80872 	0.141
689	59485.80890 	0.176
690	59485.80898 	0.17
691	59485.80906 	5.636
692	59485.80913 	1.608
693	59485.80916 	0.066
694	59485.80917 	0.381
695	59485.80923 	0.937
696	59485.80923 	1.21
697	59485.80930 	1.671
698	59485.80950 	1.574
699	59485.80963 	0.138
700	59485.80971 	0.526
701	59485.80971 	0.232
702	59485.80975 	0.643
703	59485.81000 	1.292
704	59485.81029 	0.029
705	59485.81029 	0.553
706	59485.81032 	0.197
707	59485.81033 	3.474
708	59485.81035 	0.483
709	59485.81049 	0.955
710	59485.81060 	0.079
711	59485.81064 	0.072
712	59485.81101 	0.034
713	59485.81101 	2.087
714	59485.81101 	0.154
715	59485.81110 	0.065
716	59485.81110 	3.368
717	59485.81112 	3.072
718	59485.81114 	0.051
719	59485.81120 	1.161
720	59485.81128 	0.044
721	59485.81145 	0.618
722	59485.81189 	0.101
723	59485.81199 	0.043
724	59485.81200 	0.059
725	59485.81211 	0.046
726	59485.81212 	0.111
727	59485.81236 	1.849
728	59485.81242 	0.14
729	59485.81242 	0.048
730	59485.81246 	0.989
731	59485.81259 	0.859
732	59485.81263 	0.116
733	59485.81268 	0.059
734	59485.81280 	0.045
735	59485.81287 	0.197
736	59485.81289 	3.344
737	59485.81291 	0.09
738	59485.81298 	1.195
739	59485.81298 	0.27
740	59485.81298 	0.422
741	59485.81313 	0.081
742	59485.81322 	0.096
743	59485.81325 	0.07
744	59485.81326 	0.889
745	59485.81337 	0.141
746	59485.81342 	0.233
747	59485.81349 	0.316
748	59485.81355 	0.309
749	59485.81365 	0.131
750	59485.81372 	0.76
751	59485.81373 	3.318
752	59485.81376 	0.025
753	59485.81376 	1.959
754	59485.81376 	1.886
755	59485.81385 	0.073
756	59485.81385 	2.165
757	59485.81386 	1.105
758	59485.81402 	0.893
759	59485.81402 	0.029
760	59485.81402 	0.054
761	59485.81412 	0.102
762	59485.81419 	1.195
763	59485.81419 	0.209
764	59485.81436 	1.228
765	59485.81459 	1.457
766	59485.81459 	0.054
767	59485.81461 	1.561
768	59485.81461 	0.277
769	59485.81499 	0.23
770	59485.81504 	0.053
771	59485.81517 	2.43
772	59485.81533 	0.068
773	59485.81546 	0.074
774	59485.81554 	0.865
775	59485.81555 	1.258
776	59485.81570 	4.503
777	59485.81573 	0.019
778	59485.81594 	0.296
779	59485.81597 	0.061
780	59485.81597 	0.031
781	59485.81599 	0.328
782	59485.81599 	0.031
783	59485.81631 	0.047
784	59485.81643 	0.053
785	59485.81663 	0.873
786	59485.81673 	0.229
787	59485.81677 	1.612
788	59485.81772 	0.615
789	59485.81772 	0.031
790	59485.81780 	0.203
791	59485.81780 	0.704
792	59485.81808 	1.428
793	59485.81809 	1.895
794	59485.81813 	0.206
795	59485.81820 	0.043
796	59485.81831 	0.572
797	59485.81878 	0.277
798	59485.81890 	0.199
799	59485.81890 	0.027
800	59485.81890 	0.047
801	59485.81891 	0.084
802	59485.81891 	0.015
803	59485.81891 	0.683
804	59485.81891 	0.151
805	59485.81941 	0.076
806	59485.81961 	0.21
807	59485.81961 	2.284
808	59485.81961 	0.766
809	59485.81973 	0.192
810	59485.81973 	0.139
811	59485.81980 	0.939
812	59485.81980 	2.576
813	59485.81991 	3.324
814	59485.81995 	0.293
815	59485.81995 	1.635
816	59485.81995 	0.134
817	59485.81997 	1.735
818	59485.81997 	0.47
819	59485.81998 	1.549
820	59485.82021 	0.797
821	59485.82021 	0.417
822	59485.82023 	0.094
823	59485.82033 	1.651
824	59485.82044 	0.811
825	59485.82058 	0.067
826	59485.82061 	0.032
827	59485.82070 	0.057
828	59485.82074 	0.047
829	59485.82088 	0.665
830	59485.82093 	0.07
831	59485.82093 	1.896
832	59485.82095 	0.084
833	59485.82095 	0.177
834	59485.82096 	0.357
835	59485.82100 	0.42
836	59485.82105 	0.057
837	59485.82112 	0.107
838	59485.82112 	0.128
839	59485.82118 	0.627
840	59485.82118 	1.101
841	59485.82121 	0.048
842	59485.82121 	0.535
843	59485.82159 	0.071
844	59485.82176 	0.184
845	59485.82176 	1.614
846	59485.82176 	0.287
847	59485.82179 	0.045
848	59485.82180 	0.492
849	59485.82181 	1.403
850	59485.82183 	1.055
851	59485.82183 	0.03
852	59485.82185 	0.319
853	59485.82218 	0.308
854	59485.82218 	0.709
855	59485.82240 	1.887
856	59485.82243 	0.147
857	59485.82243 	1.911
858	59485.82243 	0.178
859	59485.82256 	0.325
860	59485.82258 	0.077
861	59485.82259 	0.672
862	59485.82265 	0.483
863	59485.82265 	0.04
864	59485.82265 	0.538
865	59485.82268 	0.86
866	59485.82269 	0.1
867	59485.82276 	0.158
868	59485.82285 	0.093
869	59485.82290 	0.851
870	59485.82290 	0.044
871	59485.82308 	0.133
872	59485.82326 	1.002
873	59485.82333 	0.108
874	59485.82333 	0.042
875	59485.82367 	0.31
876	59485.82367 	0.987
877	59485.82367 	0.021
878	59485.82374 	1.516
879	59485.82377 	2.576
880	59485.82381 	0.742
881	59485.82393 	0.042

FAST (ATel 15288)
Burst	TOA (MJD)	Fluece (Jy ms)
1	59655.42543	0.367

uGMRT (Marthi et al. 2022, MNRAS, 509, 2209)		
Burst	TOA (MJD)	Fluece (Jy ms)
1	59309.54336	18.1
2	59309.54592	30.1
3	59309.54659	41.3
4	59309.54761	9.3
5	59309.55935	12.8
6	59309.57849	9.7
7	59309.58137	31.9
8	59309.58187	25.8
9	59309.58419	20.2
10	59309.5853	4.8
11	59309.58922	10.5
12	59309.59043	9.3
13	59309.59576	58.4
14	59309.59627	16.4
15	59309.5964	2.6
16	59309.59783	52.9
17	59309.5987	7.9
18	59309.61102	19
19	59309.61109	108
20	59309.61257	9.3
21	59309.61413	5.4
22	59309.61762	66.5
23	59309.61763	29
24	59309.62025	21.7
25	59309.62099	9
26	59309.62316	9.3
27	59309.62398	20.4
28	59309.6241	1
29	59309.62932	9.6
30	59309.63121	29.7
31	59309.64164	11.9
32	59309.64281	31.3
33	59309.64447	10
34	59309.64848	8.9
35	59309.65177	7.4
36	59309.65383	7.2
37	59309.65604	12.1
38	59309.65639	18.9
39	59309.65703	8.5
40	59309.6593	11.2
41	59309.66312	12.4
42	59309.66338	17.8
43	59309.66416	22.2
44	59309.66577	32.5
45	59309.67941	11.4
46	59309.67978	14.7
47	59309.68965	7
48	59309.68973	5.4

ASKAP (Kumar et al. 2022, MNRAS, 512, 3400)
Burst	TOA (MJD)	Fluece (Jy ms)
1	59305.45387	125
2	59305.47977	640
3	59306.24081	51
4	59307.27424	21
5	59307.31352	58
6	59308.28724	51
7	59308.32241	27
8	59309.32337	41
9	59311.25773	35
10	59311.25838	29
11	59311.37901	28
12	59309.25276	18
13	59309.25832	13
14	59309.27224	16
15	59309.27939	15
16	59309.28563	41
		
EVN (Nimmo et al. 2022, ApJL, 927, L3)
Burst	TOA (MJD)	Fluece (Jy ms)
1	59314.63582	0.94
2	59314.67003	3.68
3	59314.69181	0.61
4	59314.71491	1.49
5	59314.75154	1.53
6	59314.79581	6.5
7	59314.80441	0.94
8	59314.82592	4.48
9	59314.83038	1.4
10	59314.84159	1.31
11	59314.85889	5.92
12	59314.86388	0.63
13	59314.87199	3.39
14	59323.65617	6.56
15	59323.6692	1.98
16	59323.71604	1.95
17	59323.74153	1.78
18	59323.79498	0.91
		
CHIME (Lanman et al. 2022, ApJ, 927, 59)
Burst	TOA (MJD)	Fluece (Jy ms)
1	59177.36854	6
2	59177.37137	5
3	59193.32966	26
4	59199.31203	4.2
5	59265.22943	5.8
6	59274.1033	12
7	59294.05026	9
8	59295.04912	19
9	59296.04727	8
10	59299.0374	11
11	59300.0322	8
12	59300.03693	25
13	59300.03693	21
14	59301.03412	3.2
15	59304.02299	14
16	59304.02591	9
17	59304.02679	6
18	59304.0273	9
19	59308.00814	5
20	59309.00945	23
21	59309.00945	30
22	59315.98848	7
23	59315.99297	17
24	59316.98343	6
25	59338.92942	11
26	59352.88963	9
27	59355.88009	17
28	59356.88116	22
29	59359.87042	19
30	59359.87039	7
31	59360.86768	140
32	59360.86503	11
33	59361.86446	7
34	59478.54664	1*
		
Effelsberg (Hilmarsson et al. 2021, MNRAS, 508, 5354)
Burst	TOA (MJD)	Fluece (Jy ms)
1	59313.74325	1.06
2	59313.74897	9.27
3	59313.75328	3.54
4	59313.76668	0.92
5	59313.76668	4.28
6	59313.77488	28.12
7	59313.78796	2.22
8	59313.8095	1.02
9	59313.81915	23.78
10	59313.82721	0.66
11	59313.82721	0.47
12	59313.83063	1.09
13	59313.83241	0.76
14	59313.84108	1.19
15	59313.8438	2.75
16	59313.84714	0.94
17	59313.85343	0.91
18	59313.85675	1.02
19	59313.88723	0.63
20	59313.89051	8.94

Effelsberg (ATel 14933)
Burst	TOA (MJD)	Fluece (Jy ms)
1	59478.0446	1*
2	59478.05774	1*
3	59478.14018	1*
4	59478.15656	1*
5	59478.17059	1*
6	59478.18072	1*
7	59478.21226	1*
8	59478.21877	1*
9	59478.22835	1*
		
VLA(Atel 14526)
Burst	TOA (MJD)	Fluece (Jy ms)	
1	59311.01294	2.4
	
UDSC/JAXA (ATel 15285)
Burst	TOA (MJD)	Fluece (Jy ms)	
1	59628.59831	199

Apertif (ATel 15197)
Burst	TOA (MJD)	Fluece (Jy ms)		
1	59611.83542	156
2	59611.91173	35
		
Westerbork-RT1 (ATel 15192)
Burst	TOA (MJD)	Fluece (Jy ms)		
1	59603.75451	58
2	59603.79923	37
3	59605.83573	771
		
Westerbork-RT1 (ATel 15190)
Burst	TOA (MJD)	Fluece (Jy ms)
1	59602.99281	32

Onsala (ATel 14605)
Burst	TOA (MJD)	Fluece (Jy ms)		
1	59326.64278	20
2	59329.51796	74
		
SRT (ATel 14556)
Burst	TOA (MJD)	Fluece (Jy ms)		
1	59319.5162	334

NSRT (ATel 15289)
Burst	TOA (MJD)	Fluece (Jy ms)		
1	59638.74382	1*
2	59655.42545	1*
3	59657.30638	1*